0 0.146875 0.441513 0.168750 0.154793
0 0.092969 0.547054 0.185938 0.191733
0 0.124219 0.241425 0.139063 0.169745
0 0.165625 0.325858 0.171875 0.127529
0 0.081250 0.703166 0.162500 0.152155
0 0.114062 0.380387 0.125000 0.173263
0 0.026562 0.638522 0.053125 0.197010
0 0.201563 0.651715 0.178125 0.068602
0 0.748437 0.419085 0.175000 0.136324
0 0.264062 0.237907 0.150000 0.148637
0 0.545312 0.565523 0.112500 0.112577
0 0.356250 0.431398 0.150000 0.145119
0 0.710156 0.613896 0.182812 0.116095
0 0.189062 0.729991 0.168750 0.158311
0 0.425000 0.201847 0.196875 0.095866
0 0.785156 0.207124 0.148438 0.125770
0 0.581250 0.266491 0.171875 0.119613
0 0.932813 0.519349 0.131250 0.257696
0 0.829688 0.581794 0.181250 0.153914
0 0.938281 0.291557 0.120313 0.299912
0 0.595313 0.379068 0.134375 0.145998
0 0.725781 0.744063 0.182812 0.147757
0 0.530469 0.729991 0.126562 0.112577
0 0.028906 0.301671 0.057813 0.244503