0 0.379688 0.593228 0.134375 0.078276
0 0.024219 0.278364 0.048438 0.213720
0 0.160156 0.444591 0.145313 0.199648
0 0.235156 0.212401 0.154688 0.157432
0 0.209375 0.529903 0.175000 0.131047
0 0.200781 0.343008 0.201563 0.124890
0 0.132812 0.607300 0.171875 0.032542
0 0.127344 0.743624 0.182812 0.111697
0 0.380469 0.357520 0.160938 0.109938
0 0.766406 0.414688 0.151562 0.157432
0 0.648438 0.629727 0.156250 0.103782
0 0.934375 0.503078 0.128125 0.284960
0 0.486719 0.561126 0.148438 0.103782
0 0.218750 0.673703 0.193750 0.147757
0 0.314063 0.416007 0.168750 0.142480
0 0.296094 0.744943 0.157812 0.110818
0 0.786719 0.191293 0.154688 0.129288
0 0.363281 0.193931 0.139063 0.116974
0 0.578906 0.240106 0.167187 0.102023
0 0.905469 0.268690 0.185938 0.317502
0 0.525000 0.432278 0.081250 0.116974
0 0.305469 0.478012 0.148438 0.134565
0 0.941406 0.572999 0.114062 0.255937
0 0.595313 0.367194 0.121875 0.122252
0 0.366406 0.654793 0.160938 0.131047
0 0.684375 0.744943 0.153125 0.098505
0 0.021875 0.577397 0.043750 0.204925