0 0.037500 0.583113 0.075000 0.219877
0 0.097656 0.715479 0.132812 0.139842
0 0.118750 0.306508 0.146875 0.150396
0 0.129688 0.445910 0.153125 0.117854
0 0.277344 0.577836 0.176563 0.096746
0 0.204687 0.386104 0.171875 0.114336
0 0.256250 0.240545 0.140625 0.141601
0 0.667969 0.436236 0.157812 0.154793
0 0.164062 0.551011 0.218750 0.083553
0 0.404687 0.236148 0.165625 0.120493
0 0.384375 0.390941 0.096875 0.102902
0 0.335156 0.690413 0.145313 0.100264
0 0.358594 0.459543 0.110937 0.197889
0 0.796875 0.211522 0.175000 0.129288
0 0.935156 0.299912 0.126562 0.256816
0 0.822656 0.353122 0.154688 0.153914
0 0.549219 0.590589 0.073438 0.097625
0 0.924219 0.524626 0.148438 0.270009
0 0.539062 0.288478 0.140625 0.145998
0 0.740625 0.783201 0.162500 0.109938
0 0.547656 0.751539 0.123438 0.127529
0 0.930469 0.592788 0.135937 0.265611
0 0.022656 0.417766 0.045312 0.239226