0 0.204687 0.379947 0.175000 0.165347
0 0.129688 0.238347 0.162500 0.144239
0 0.129688 0.570800 0.162500 0.135444
0 0.117188 0.744943 0.084375 0.114336
0 0.707812 0.434477 0.096875 0.094987
0 0.377344 0.218118 0.154688 0.128408
0 0.150000 0.478892 0.162500 0.127529
0 0.271094 0.525506 0.142187 0.127529
0 0.698438 0.604661 0.200000 0.090589
0 0.165625 0.687335 0.175000 0.106420
0 0.308594 0.772647 0.160938 0.106420
0 0.360156 0.426121 0.129688 0.131047
0 0.507812 0.587511 0.121875 0.096746
0 0.351562 0.634125 0.159375 0.054529
0 0.510156 0.236588 0.198437 0.089710
0 0.797656 0.211522 0.176563 0.127529
0 0.934375 0.305629 0.128125 0.268250
0 0.831250 0.345207 0.171875 0.155673
0 0.847656 0.517590 0.120313 0.118734
0 0.577344 0.339930 0.179688 0.160950
0 0.525781 0.759455 0.110937 0.109938
0 0.734375 0.756816 0.175000 0.146878
0 0.950000 0.584872 0.096875 0.293755
0 0.025781 0.306069 0.051562 0.235708
0 0.026562 0.446350 0.053125 0.220756