0 0.135156 0.241425 0.160938 0.122252
0 0.050781 0.575198 0.101562 0.211082
0 0.096094 0.676781 0.123438 0.157432
0 0.158594 0.320580 0.176563 0.113456
0 0.145313 0.733509 0.187500 0.128408
0 0.166406 0.586192 0.173437 0.097625
0 0.267188 0.227792 0.159375 0.144239
0 0.388281 0.372032 0.129688 0.094987
0 0.782813 0.426561 0.178125 0.161829
0 0.346875 0.493843 0.187500 0.173263
0 0.783594 0.220317 0.148438 0.095866
0 0.582812 0.236148 0.159375 0.116974
0 0.791406 0.530343 0.176563 0.107300
0 0.912500 0.511873 0.171875 0.272647
0 0.945312 0.573879 0.106250 0.254178
0 0.909375 0.275286 0.178125 0.328936
0 0.817969 0.340369 0.157812 0.145998
0 0.596094 0.387863 0.132812 0.149516
0 0.503906 0.574318 0.129688 0.091469
0 0.513281 0.721636 0.142187 0.122252
0 0.728125 0.750220 0.187500 0.130167