0 0.130469 0.244063 0.160938 0.187335
0 0.078906 0.565084 0.142187 0.160950
0 0.206250 0.348725 0.175000 0.132806
0 0.131250 0.410730 0.093750 0.160070
0 0.647656 0.523307 0.151562 0.121372
0 0.141406 0.755497 0.157812 0.094987
0 0.269531 0.223835 0.157812 0.141601
0 0.391406 0.348725 0.120313 0.109938
0 0.457031 0.539578 0.139063 0.141601
0 0.309375 0.434037 0.134375 0.113456
0 0.228125 0.752858 0.146875 0.100264
0 0.784375 0.200528 0.171875 0.131926
0 0.496094 0.245383 0.170313 0.121372
0 0.953906 0.283641 0.089063 0.284081
0 0.546094 0.423923 0.095312 0.116095
0 0.851562 0.333773 0.125000 0.157432
0 0.938281 0.569921 0.120313 0.251539
0 0.479687 0.713720 0.143750 0.124011
0 0.316406 0.497361 0.142187 0.173263
0 0.585938 0.679859 0.187500 0.145998
0 0.718750 0.764292 0.178125 0.098505
0 0.051562 0.625770 0.103125 0.197889