0 0.122656 0.275286 0.123438 0.135444
0 0.184375 0.549252 0.181250 0.088830
0 0.735156 0.513193 0.145313 0.125770
0 0.029687 0.623131 0.059375 0.197889
0 0.130469 0.758575 0.167187 0.143360
0 0.266406 0.238347 0.157812 0.163588
0 0.221094 0.364116 0.173437 0.144239
0 0.329688 0.423043 0.150000 0.142480
0 0.150781 0.616535 0.173437 0.052770
0 0.798438 0.532102 0.175000 0.116095
0 0.670312 0.430519 0.156250 0.102902
0 0.860156 0.216799 0.123438 0.125770
0 0.432812 0.221196 0.175000 0.092348
0 0.597656 0.239226 0.167187 0.080915
0 0.460156 0.535620 0.139063 0.131926
0 0.571094 0.695251 0.164062 0.176781
0 0.499219 0.383026 0.135937 0.148637
0 0.612500 0.377748 0.115625 0.118734
0 0.328906 0.477573 0.145313 0.228672
0 0.700000 0.751099 0.146875 0.100264
0 0.924219 0.503518 0.148438 0.289358
0 0.951562 0.570800 0.093750 0.267370
0 0.953125 0.274846 0.090625 0.298153