0 0.114062 0.249780 0.140625 0.182938
0 0.080469 0.394019 0.160938 0.209323
0 0.101562 0.576517 0.162500 0.173263
0 0.110937 0.774406 0.084375 0.048373
0 0.360938 0.217678 0.159375 0.131047
0 0.194531 0.362357 0.164062 0.147757
0 0.257812 0.626649 0.187500 0.085312
0 0.147656 0.486807 0.170313 0.120493
0 0.666406 0.439314 0.148438 0.076517
0 0.307812 0.512313 0.140625 0.080035
0 0.156250 0.698769 0.193750 0.069481
0 0.684375 0.579156 0.187500 0.085312
0 0.453906 0.377748 0.104688 0.152155
0 0.347656 0.433157 0.135937 0.145119
0 0.502344 0.584433 0.123438 0.097625
0 0.932813 0.299033 0.131250 0.258575
0 0.553125 0.522867 0.081250 0.081794
0 0.785156 0.210642 0.182812 0.125770
0 0.412500 0.222515 0.178125 0.107300
0 0.600000 0.379068 0.125000 0.116095
0 0.920312 0.523747 0.156250 0.247142
0 0.513281 0.285400 0.145313 0.138083
0 0.930469 0.590589 0.135937 0.241865
0 0.738281 0.752858 0.145313 0.145998
0 0.025781 0.454705 0.051562 0.207564