0 0.029687 0.307828 0.059375 0.239226
0 0.103125 0.576077 0.100000 0.161829
0 0.111719 0.722076 0.132812 0.145998
0 0.139063 0.260334 0.159375 0.124890
0 0.165625 0.344767 0.175000 0.124890
0 0.370312 0.521548 0.128125 0.140721
0 0.391406 0.222076 0.157812 0.124011
0 0.127344 0.448989 0.129688 0.113456
0 0.753125 0.798593 0.196875 0.093228
0 0.413281 0.372911 0.098437 0.063325
0 0.739844 0.434037 0.135937 0.143360
0 0.567969 0.497361 0.079687 0.155673
0 0.334375 0.689534 0.168750 0.102023
0 0.803125 0.213281 0.162500 0.127529
0 0.412500 0.249340 0.159375 0.090589
0 0.873437 0.351803 0.125000 0.158311
0 0.538281 0.582234 0.139063 0.119613
0 0.591406 0.343448 0.179688 0.155673
0 0.613281 0.394459 0.139063 0.113456
0 0.924219 0.530783 0.148438 0.262973
0 0.924219 0.297274 0.148438 0.232190
0 0.946875 0.593668 0.103125 0.262093