0 0.028906 0.306069 0.057813 0.235708
0 0.139844 0.254617 0.157812 0.111697
0 0.264844 0.469217 0.132812 0.131047
0 0.133594 0.559807 0.154688 0.143360
0 0.050781 0.662709 0.101562 0.189094
0 0.217188 0.370712 0.171875 0.146878
0 0.380469 0.216359 0.151562 0.124890
0 0.146875 0.466579 0.150000 0.108179
0 0.373437 0.520229 0.134375 0.134565
0 0.398438 0.383026 0.115625 0.090589
0 0.329688 0.759015 0.171875 0.126649
0 0.707031 0.593668 0.195312 0.105541
0 0.775000 0.425682 0.121875 0.145998
0 0.318750 0.660510 0.159375 0.130167
0 0.800781 0.208443 0.170313 0.128408
0 0.444531 0.228672 0.189062 0.068602
0 0.588281 0.275286 0.182812 0.135444
0 0.864844 0.337291 0.110937 0.175022
0 0.575781 0.579156 0.095312 0.095866
0 0.460938 0.552331 0.187500 0.165347
0 0.744531 0.755057 0.167187 0.150396
0 0.587500 0.336851 0.184375 0.156552
0 0.925781 0.522427 0.145313 0.277924
0 0.030469 0.441073 0.060937 0.227792
0 0.947656 0.589270 0.101562 0.270888
0 0.930469 0.296394 0.135937 0.233949