0 0.116406 0.263412 0.154688 0.173263
0 0.067969 0.386104 0.135937 0.223395
0 0.102344 0.588391 0.157812 0.161829
0 0.149219 0.675022 0.185938 0.138083
0 0.114844 0.474494 0.154688 0.187335
0 0.352344 0.516711 0.151562 0.124011
0 0.217969 0.643360 0.220312 0.067722
0 0.254688 0.233509 0.146875 0.143360
0 0.114844 0.758135 0.179688 0.117854
0 0.145313 0.327617 0.171875 0.125770
0 0.778906 0.532542 0.173437 0.109938
0 0.374219 0.382146 0.123438 0.094107
0 0.264844 0.475814 0.107813 0.123131
0 0.685937 0.443712 0.096875 0.076517
0 0.832031 0.271768 0.120313 0.145998
0 0.520312 0.290237 0.140625 0.151275
0 0.365625 0.214600 0.143750 0.123131
0 0.553906 0.549692 0.110937 0.098505
0 0.773438 0.207124 0.168750 0.125770
0 0.554688 0.332894 0.187500 0.153914
0 0.897656 0.499560 0.157812 0.160070
0 0.832812 0.346086 0.112500 0.145119
0 0.927344 0.586631 0.142187 0.221636
0 0.724219 0.759015 0.154688 0.124890