0 0.092969 0.722955 0.139063 0.144239
0 0.121094 0.270009 0.132812 0.174142
0 0.209375 0.369833 0.162500 0.131047
0 0.151562 0.478452 0.162500 0.133685
0 0.096094 0.635444 0.095312 0.166227
0 0.276562 0.233069 0.137500 0.133685
0 0.159375 0.337731 0.165625 0.121372
0 0.367969 0.429639 0.129688 0.138083
0 0.288281 0.489446 0.142187 0.116974
0 0.721094 0.430079 0.110937 0.138962
0 0.507031 0.592788 0.120313 0.100264
0 0.868750 0.228672 0.125000 0.123131
0 0.709375 0.601583 0.193750 0.114336
0 0.363281 0.667546 0.126562 0.137203
0 0.391406 0.220756 0.151562 0.117854
0 0.871875 0.338610 0.125000 0.181179
0 0.743750 0.791557 0.143750 0.091469
0 0.587500 0.351803 0.184375 0.184697
0 0.524219 0.237907 0.170313 0.085312
0 0.535937 0.757256 0.140625 0.121372
0 0.028906 0.437555 0.057813 0.233069
0 0.028125 0.308267 0.056250 0.240106
0 0.924219 0.529903 0.148438 0.262973
0 0.935156 0.297274 0.126562 0.232190