0 0.133594 0.249780 0.164062 0.131926
0 0.198437 0.363237 0.178125 0.149516
0 0.122656 0.565963 0.148438 0.155673
0 0.440625 0.593228 0.140625 0.113456
0 0.124219 0.425242 0.132812 0.113456
0 0.274219 0.220756 0.129688 0.117854
0 0.100000 0.796834 0.200000 0.156552
0 0.760938 0.424362 0.134375 0.143360
0 0.157812 0.487247 0.178125 0.117854
0 0.293750 0.572559 0.150000 0.103782
0 0.171094 0.687775 0.185938 0.091469
0 0.692187 0.575638 0.196875 0.062445
0 0.796094 0.209323 0.173437 0.128408
0 0.948438 0.299033 0.100000 0.283201
0 0.358594 0.429639 0.135937 0.139842
0 0.277344 0.647757 0.185938 0.129288
0 0.354687 0.704925 0.143750 0.141601
0 0.556250 0.529464 0.087500 0.073879
0 0.482031 0.224714 0.201563 0.062445
0 0.937500 0.507476 0.121875 0.293755
0 0.951562 0.576517 0.093750 0.278804
0 0.575781 0.338610 0.185938 0.153034
0 0.539062 0.743624 0.112500 0.131047
0 0.738281 0.764292 0.160938 0.131926
0 0.025781 0.300352 0.051562 0.224274