0 0.095312 0.197889 0.190625 0.158311
0 0.067969 0.620493 0.135937 0.176781
0 0.142969 0.409850 0.098437 0.163588
0 0.216406 0.346526 0.179688 0.130167
0 0.328125 0.424802 0.156250 0.133685
0 0.285938 0.218558 0.153125 0.138083
0 0.078125 0.755937 0.156250 0.166227
0 0.733594 0.512753 0.142187 0.126649
0 0.292969 0.745383 0.157812 0.113456
0 0.388281 0.356201 0.135937 0.116095
0 0.610938 0.384785 0.115625 0.134565
0 0.952344 0.566403 0.092188 0.256816
0 0.952344 0.299912 0.092188 0.348285
0 0.794531 0.195251 0.154688 0.128408
0 0.434375 0.214600 0.181250 0.121372
0 0.597656 0.224274 0.167187 0.110818
0 0.589063 0.542216 0.134375 0.081794
0 0.486719 0.565084 0.107813 0.111697
0 0.324219 0.483729 0.145313 0.202287
0 0.925781 0.501759 0.145313 0.285840
0 0.729688 0.753298 0.143750 0.115215
0 0.582031 0.694371 0.164062 0.178540
0 0.029687 0.289358 0.059375 0.246262