0 0.134375 0.253298 0.153125 0.105541
0 0.046094 0.584872 0.092188 0.182938
0 0.210938 0.366755 0.171875 0.160070
0 0.175000 0.588391 0.184375 0.075638
0 0.765625 0.420844 0.140625 0.153914
0 0.267188 0.225154 0.153125 0.140721
0 0.125000 0.730431 0.162500 0.145119
0 0.461719 0.215479 0.214062 0.056288
0 0.948438 0.277045 0.100000 0.302551
0 0.794531 0.529903 0.167187 0.099384
0 0.576562 0.262973 0.175000 0.126649
0 0.340625 0.421284 0.181250 0.153034
0 0.560156 0.566843 0.095312 0.083553
0 0.592969 0.372471 0.139063 0.150396
0 0.843750 0.334213 0.106250 0.158311
0 0.922656 0.512313 0.151562 0.271768
0 0.521094 0.721196 0.135937 0.117854
0 0.740625 0.758135 0.171875 0.112577
0 0.028125 0.290237 0.056250 0.249780