0 0.131250 0.240106 0.165625 0.142480
0 0.114062 0.562005 0.140625 0.138962
0 0.149219 0.489006 0.176563 0.119613
0 0.114062 0.714600 0.159375 0.167986
0 0.199219 0.379507 0.179688 0.166227
0 0.367188 0.223395 0.162500 0.138962
0 0.276562 0.606420 0.162500 0.053650
0 0.692187 0.598065 0.193750 0.079156
0 0.264844 0.531662 0.148438 0.138083
0 0.419531 0.625330 0.139063 0.077397
0 0.455469 0.387423 0.107813 0.157432
0 0.759375 0.433597 0.140625 0.154793
0 0.785937 0.213281 0.159375 0.127529
0 0.080469 0.810906 0.160938 0.130167
0 0.363281 0.681179 0.167187 0.134565
0 0.517188 0.290677 0.137500 0.134565
0 0.454688 0.225154 0.168750 0.052770
0 0.948438 0.322779 0.100000 0.334213
0 0.841406 0.498681 0.120313 0.103782
0 0.545312 0.581794 0.100000 0.090589
0 0.820312 0.353562 0.150000 0.149516
0 0.525781 0.745383 0.120313 0.131047
0 0.732812 0.754617 0.140625 0.149516
0 0.951562 0.593668 0.093750 0.293755
0 0.025781 0.306069 0.051562 0.205805