0 0.135156 0.479332 0.126562 0.158311
0 0.144531 0.261214 0.142187 0.160070
0 0.038281 0.297713 0.076563 0.222515
0 0.219531 0.357520 0.173437 0.134565
0 0.198437 0.567282 0.178125 0.079156
0 0.189844 0.738347 0.170313 0.136324
0 0.679688 0.563764 0.190625 0.075638
0 0.287500 0.234828 0.156250 0.144239
0 0.462500 0.387863 0.121875 0.167106
0 0.766406 0.426561 0.151562 0.147757
0 0.296875 0.456904 0.075000 0.090589
0 0.360938 0.508355 0.178125 0.160070
0 0.801562 0.560246 0.181250 0.163588
0 0.164844 0.673703 0.170313 0.140721
0 0.806250 0.210642 0.156250 0.129288
0 0.440625 0.215040 0.168750 0.095866
0 0.600781 0.259455 0.182812 0.103782
0 0.859375 0.351803 0.112500 0.140721
0 0.469531 0.731750 0.173437 0.116095
0 0.607031 0.361478 0.139063 0.116095
0 0.307812 0.764732 0.159375 0.097625
0 0.941406 0.508795 0.114062 0.299912
0 0.739062 0.750660 0.162500 0.131047
0 0.585938 0.690413 0.175000 0.137203
0 0.953906 0.574318 0.089063 0.279683
0 0.934375 0.299033 0.128125 0.286719