0 0.185938 0.487247 0.159375 0.177661
0 0.040625 0.249780 0.081250 0.235708
0 0.113281 0.645119 0.164062 0.166227
0 0.200000 0.324099 0.181250 0.131047
0 0.190625 0.730431 0.200000 0.129288
0 0.342969 0.195690 0.164062 0.131047
0 0.685937 0.401935 0.103125 0.105541
0 0.371094 0.351803 0.139063 0.075638
0 0.842969 0.203166 0.126562 0.128408
0 0.582812 0.223835 0.168750 0.081794
0 0.315625 0.410730 0.165625 0.147757
0 0.334375 0.614336 0.140625 0.125770
0 0.227344 0.730431 0.182812 0.125770
0 0.941406 0.261214 0.114062 0.332454
0 0.485938 0.558927 0.162500 0.129288
0 0.328125 0.485488 0.128125 0.138962
0 0.906250 0.493404 0.184375 0.251539
0 0.840625 0.321020 0.118750 0.161829
0 0.589844 0.366755 0.126562 0.138962
0 0.520312 0.420844 0.090625 0.124011
0 0.578906 0.700088 0.142187 0.142480
0 0.941406 0.560246 0.114062 0.260334
0 0.712500 0.734828 0.181250 0.134565