0 0.139844 0.234828 0.145313 0.131926
0 0.035937 0.296394 0.071875 0.230431
0 0.219531 0.354002 0.167187 0.134565
0 0.073438 0.560686 0.096875 0.196130
0 0.475781 0.405893 0.164062 0.176781
0 0.120313 0.668426 0.140625 0.107300
0 0.287500 0.222076 0.150000 0.131047
0 0.669531 0.561566 0.182812 0.072999
0 0.707812 0.426561 0.087500 0.093228
0 0.946875 0.290677 0.103125 0.298153
0 0.354687 0.494723 0.178125 0.189094
0 0.803906 0.536939 0.164062 0.109938
0 0.145313 0.732190 0.187500 0.131047
0 0.940625 0.504398 0.115625 0.287599
0 0.798438 0.208883 0.175000 0.132806
0 0.507031 0.228672 0.189062 0.073879
0 0.521875 0.733949 0.171875 0.145119
0 0.859375 0.339490 0.118750 0.161829
0 0.612500 0.386544 0.118750 0.131047
0 0.339844 0.748461 0.204687 0.094987
0 0.952344 0.567722 0.092188 0.257696
0 0.728906 0.749780 0.154688 0.136324