0 0.145313 0.251539 0.146875 0.151275
0 0.036719 0.291996 0.073438 0.212841
0 0.217969 0.349604 0.167187 0.131047
0 0.149219 0.412049 0.095312 0.164468
0 0.150000 0.580035 0.165625 0.102902
0 0.117969 0.675901 0.135937 0.122252
0 0.669531 0.548813 0.182812 0.094987
0 0.453906 0.603782 0.126562 0.118734
0 0.321875 0.215479 0.193750 0.121372
0 0.464062 0.383026 0.115625 0.167986
0 0.700000 0.441953 0.131250 0.104661
0 0.351562 0.480651 0.181250 0.208443
0 0.146875 0.740106 0.175000 0.134565
0 0.612500 0.371152 0.125000 0.112577
0 0.786719 0.206684 0.198437 0.130167
0 0.476562 0.215040 0.209375 0.051891
0 0.601562 0.248901 0.162500 0.091469
0 0.828906 0.337731 0.179688 0.163588
0 0.941406 0.503078 0.114062 0.288478
0 0.495312 0.730871 0.168750 0.107300
0 0.333594 0.741425 0.229687 0.107300
0 0.540625 0.421724 0.081250 0.122252
0 0.730469 0.747581 0.145313 0.133685
0 0.957812 0.569041 0.081250 0.270888
0 0.078125 0.761214 0.156250 0.182058
0 0.938281 0.284521 0.120313 0.285840