0 0.114844 0.274406 0.139063 0.165347
0 0.198437 0.367634 0.184375 0.140721
0 0.107813 0.551011 0.159375 0.160950
0 0.282813 0.572999 0.150000 0.099384
0 0.076563 0.717678 0.153125 0.144239
0 0.365625 0.217238 0.156250 0.130167
0 0.704688 0.596746 0.190625 0.069481
0 0.396094 0.379068 0.114062 0.084433
0 0.714063 0.426561 0.109375 0.116095
0 0.143750 0.478892 0.165625 0.131047
0 0.550781 0.339490 0.126562 0.163588
0 0.555469 0.585752 0.104688 0.091469
0 0.362500 0.512753 0.128125 0.149516
0 0.339062 0.649956 0.159375 0.110818
0 0.792188 0.209763 0.162500 0.125770
0 0.435937 0.227792 0.184375 0.065084
0 0.601562 0.252858 0.178125 0.138083
0 0.861719 0.340369 0.120313 0.172383
0 0.937500 0.517590 0.121875 0.287599
0 0.749219 0.778364 0.164062 0.119613
0 0.935156 0.295954 0.126562 0.262973
0 0.025781 0.440633 0.051562 0.209323
0 0.924219 0.626649 0.148438 0.268250