0 0.087500 0.251979 0.140625 0.146878
0 0.102344 0.744503 0.179688 0.141601
0 0.127344 0.323659 0.167187 0.128408
0 0.078125 0.481530 0.156250 0.197889
0 0.236719 0.231310 0.160938 0.153034
0 0.339062 0.508355 0.146875 0.149516
0 0.095312 0.658311 0.146875 0.139842
0 0.217188 0.641161 0.237500 0.087951
0 0.353125 0.631926 0.100000 0.072999
0 0.635938 0.451627 0.156250 0.127529
0 0.749219 0.422164 0.132812 0.153034
0 0.439844 0.371592 0.110937 0.150396
0 0.535156 0.544415 0.092188 0.102023
0 0.759375 0.200528 0.200000 0.128408
0 0.482812 0.233069 0.184375 0.096746
0 0.899219 0.268690 0.182812 0.146878
0 0.830469 0.339490 0.120313 0.145998
0 0.807813 0.575198 0.181250 0.158311
0 0.572656 0.363237 0.139063 0.131926
0 0.520312 0.738786 0.171875 0.153034
0 0.727344 0.763852 0.176563 0.115215