0 0.118750 0.202287 0.093750 0.110818
0 0.186719 0.653474 0.217188 0.119613
0 0.196094 0.448549 0.154688 0.177661
0 0.188281 0.729551 0.170313 0.132806
0 0.157031 0.288918 0.189062 0.120493
0 0.677344 0.538259 0.151562 0.093228
0 0.259375 0.211522 0.143750 0.141601
0 0.342969 0.408531 0.173437 0.146878
0 0.707812 0.425242 0.106250 0.071240
0 0.321875 0.733509 0.209375 0.130167
0 0.955469 0.266931 0.085938 0.315743
0 0.357031 0.618294 0.154688 0.119613
0 0.502344 0.548373 0.167187 0.139842
0 0.792188 0.186895 0.209375 0.132806
0 0.625000 0.223395 0.165625 0.079156
0 0.521875 0.266491 0.128125 0.135444
0 0.601562 0.361478 0.137500 0.147757
0 0.365625 0.491645 0.081250 0.138962
0 0.535937 0.423923 0.087500 0.117854
0 0.924219 0.486807 0.148438 0.317502
0 0.728906 0.748461 0.189062 0.114336
0 0.844531 0.566403 0.182812 0.156552
0 0.608594 0.663588 0.182812 0.145119
0 0.487500 0.732190 0.137500 0.132806
0 0.959375 0.558927 0.078125 0.273527