0 0.087500 0.597625 0.175000 0.157432
0 0.066406 0.266491 0.132812 0.174142
0 0.231250 0.235708 0.150000 0.151275
0 0.069531 0.375550 0.139063 0.188215
0 0.114844 0.502639 0.151562 0.099384
0 0.092188 0.779683 0.084375 0.048373
0 0.205469 0.649516 0.210938 0.102902
0 0.639062 0.456464 0.162500 0.144239
0 0.333594 0.509235 0.145313 0.147757
0 0.500000 0.583553 0.146875 0.097625
0 0.666406 0.591469 0.185938 0.102902
0 0.752344 0.203166 0.157812 0.128408
0 0.154688 0.708004 0.171875 0.087951
0 0.741406 0.424362 0.148438 0.150396
0 0.435156 0.376869 0.117188 0.152155
0 0.489063 0.251099 0.181250 0.127529
0 0.830469 0.328056 0.114062 0.170624
0 0.375000 0.452507 0.165625 0.183817
0 0.546875 0.560246 0.118750 0.087951
0 0.527344 0.395778 0.148438 0.181179
0 0.820312 0.499120 0.125000 0.129288
0 0.913281 0.591909 0.170313 0.218118
0 0.510156 0.751539 0.139063 0.141601
0 0.687500 0.749780 0.146875 0.108179