0 0.165625 0.342568 0.175000 0.127529
0 0.122656 0.431838 0.123438 0.102023
0 0.131250 0.555409 0.159375 0.167986
0 0.027344 0.668865 0.054688 0.194371
0 0.136719 0.263852 0.154688 0.105541
0 0.400781 0.655673 0.160938 0.124011
0 0.261719 0.246262 0.167187 0.161829
0 0.287500 0.560246 0.146875 0.094987
0 0.722656 0.445471 0.107813 0.106420
0 0.367969 0.437115 0.126562 0.153034
0 0.871094 0.224274 0.126562 0.119613
0 0.708594 0.609059 0.195312 0.090589
0 0.145313 0.684257 0.150000 0.079156
0 0.406250 0.248021 0.146875 0.094987
0 0.931250 0.303870 0.134375 0.217238
0 0.565625 0.532542 0.084375 0.080035
0 0.514844 0.592348 0.110937 0.101143
0 0.759375 0.789798 0.171875 0.102023
0 0.590625 0.347405 0.178125 0.147757
0 0.527344 0.237467 0.164062 0.084433
0 0.028125 0.305189 0.056250 0.248021
0 0.934375 0.529903 0.128125 0.264732
0 0.939063 0.591909 0.118750 0.276165