0 0.042188 0.276605 0.084375 0.208443
0 0.082031 0.508355 0.164062 0.188215
0 0.064062 0.590150 0.128125 0.228672
0 0.202344 0.351363 0.189062 0.138083
0 0.242969 0.217238 0.135937 0.170624
0 0.092969 0.785840 0.185938 0.132806
0 0.657031 0.443272 0.160938 0.133685
0 0.378125 0.353122 0.143750 0.118734
0 0.784375 0.517150 0.184375 0.112577
0 0.500000 0.575198 0.146875 0.105541
0 0.767969 0.415567 0.154688 0.157432
0 0.319531 0.418646 0.157812 0.145998
0 0.787500 0.191733 0.162500 0.131926
0 0.366406 0.193052 0.148438 0.111697
0 0.582031 0.213281 0.164062 0.046614
0 0.902344 0.261214 0.192188 0.332454
0 0.541406 0.418646 0.098437 0.112577
0 0.941406 0.572120 0.114062 0.271768
0 0.310156 0.490325 0.139063 0.141601
0 0.505469 0.265611 0.120313 0.123131
0 0.455469 0.652595 0.145313 0.123131
0 0.924219 0.497361 0.148438 0.273527
0 0.293750 0.739226 0.165625 0.124011
0 0.683594 0.746262 0.154688 0.099384