0 0.138281 0.240545 0.164062 0.120493
0 0.025781 0.295515 0.051562 0.228672
0 0.332813 0.430959 0.168750 0.163588
0 0.024219 0.634565 0.048438 0.211961
0 0.137500 0.351803 0.146875 0.177661
0 0.263281 0.230871 0.151562 0.150396
0 0.139844 0.664468 0.167187 0.104661
0 0.142187 0.489886 0.171875 0.138962
0 0.760938 0.419965 0.137500 0.150396
0 0.432812 0.560246 0.168750 0.119613
0 0.217969 0.757696 0.170313 0.106420
0 0.926562 0.284960 0.143750 0.286719
0 0.385937 0.375110 0.131250 0.095866
0 0.563281 0.714160 0.142187 0.137203
0 0.413281 0.216359 0.167187 0.094987
0 0.785937 0.189974 0.143750 0.107300
0 0.589063 0.379068 0.143750 0.145998
0 0.554688 0.567722 0.106250 0.088830
0 0.840625 0.510994 0.112500 0.130167
0 0.813281 0.337291 0.164062 0.162709
0 0.725000 0.742304 0.181250 0.142480
0 0.950781 0.569041 0.095312 0.263852