0 0.136719 0.263852 0.157812 0.160070
0 0.050000 0.585752 0.100000 0.184697
0 0.025781 0.672383 0.051562 0.173263
0 0.169531 0.342568 0.179688 0.138083
0 0.725000 0.427441 0.109375 0.140721
0 0.171875 0.574318 0.209375 0.058047
0 0.328906 0.211082 0.179688 0.103782
0 0.211719 0.365435 0.164062 0.134565
0 0.140625 0.467458 0.140625 0.115215
0 0.711719 0.597186 0.189062 0.068602
0 0.294531 0.574318 0.151562 0.098505
0 0.462500 0.397977 0.118750 0.180299
0 0.158594 0.687335 0.160938 0.081794
0 0.290625 0.486807 0.146875 0.118734
0 0.137500 0.180739 0.171875 0.136324
0 0.880469 0.270888 0.110937 0.140721
0 0.594531 0.250660 0.173437 0.147757
0 0.342187 0.636763 0.168750 0.096746
0 0.800781 0.211961 0.167187 0.128408
0 0.453125 0.219877 0.196875 0.052770
0 0.562500 0.585752 0.093750 0.094987
0 0.737500 0.775726 0.131250 0.109059
0 0.865625 0.350484 0.106250 0.152155
0 0.592969 0.350923 0.179688 0.182938
0 0.552344 0.766491 0.114062 0.101143
0 0.028906 0.306069 0.057813 0.237467
0 0.935156 0.597625 0.126562 0.243624
0 0.920312 0.530343 0.156250 0.262093