0 0.106250 0.646878 0.125000 0.148637
0 0.099219 0.247142 0.117188 0.156552
0 0.105469 0.383026 0.157812 0.175022
0 0.114062 0.736588 0.153125 0.157432
0 0.148438 0.487687 0.165625 0.118734
0 0.168750 0.592348 0.196875 0.044855
0 0.360938 0.220756 0.162500 0.138962
0 0.763281 0.424802 0.145313 0.147757
0 0.360156 0.430079 0.142187 0.142480
0 0.267969 0.529024 0.142187 0.132806
0 0.430469 0.580915 0.160938 0.122252
0 0.274219 0.620493 0.176563 0.074758
0 0.699219 0.603782 0.204687 0.095866
0 0.846875 0.256816 0.137500 0.137203
0 0.508594 0.284081 0.148438 0.137203
0 0.907031 0.290677 0.182812 0.298153
0 0.571094 0.267810 0.154688 0.118734
0 0.553125 0.579595 0.087500 0.089710
0 0.934375 0.513632 0.128125 0.279683
0 0.538281 0.743184 0.110937 0.130167
0 0.740625 0.746702 0.150000 0.135444
0 0.951562 0.578276 0.093750 0.261214