0 0.111719 0.236148 0.132812 0.148637
0 0.127344 0.478012 0.167187 0.180299
0 0.082031 0.388742 0.164062 0.202287
0 0.757812 0.419525 0.156250 0.144239
0 0.287500 0.476253 0.071875 0.122252
0 0.100781 0.702726 0.132812 0.168865
0 0.149219 0.316183 0.167187 0.115215
0 0.259375 0.231750 0.150000 0.148637
0 0.698438 0.593228 0.184375 0.120493
0 0.382812 0.374230 0.121875 0.090589
0 0.790625 0.226473 0.187500 0.090589
0 0.575000 0.255057 0.159375 0.102023
0 0.903906 0.268690 0.189062 0.347405
0 0.396875 0.526385 0.178125 0.145119
0 0.547656 0.509235 0.092188 0.098505
0 0.497656 0.577397 0.129688 0.097625
0 0.564844 0.337731 0.179688 0.165347
0 0.907031 0.520668 0.182812 0.242744
0 0.523438 0.743184 0.140625 0.142480
0 0.717187 0.743184 0.171875 0.142480
0 0.021875 0.618734 0.043750 0.210202