0 0.135937 0.253738 0.156250 0.145119
0 0.155469 0.476253 0.167187 0.125770
0 0.120313 0.543975 0.131250 0.143360
0 0.025781 0.674142 0.051562 0.175022
0 0.170313 0.343448 0.178125 0.136324
0 0.721094 0.444591 0.110937 0.106420
0 0.378125 0.218558 0.159375 0.129288
0 0.707031 0.600264 0.192188 0.076517
0 0.323437 0.767370 0.187500 0.125770
0 0.162500 0.690853 0.181250 0.097625
0 0.869531 0.223395 0.123438 0.112577
0 0.519531 0.237907 0.176563 0.083553
0 0.403906 0.379947 0.117188 0.082674
0 0.331250 0.650396 0.184375 0.111697
0 0.865625 0.346526 0.118750 0.161829
0 0.560156 0.585752 0.095312 0.093228
0 0.751563 0.778364 0.162500 0.116095
0 0.372656 0.517590 0.135937 0.146878
0 0.585938 0.338610 0.184375 0.160070
0 0.529687 0.750660 0.131250 0.097625
0 0.028125 0.304310 0.056250 0.246262
0 0.939063 0.521988 0.118750 0.278804
0 0.932813 0.589270 0.131250 0.270888
0 0.935937 0.292876 0.125000 0.269129