0 0.115625 0.309587 0.150000 0.158311
0 0.104688 0.544415 0.165625 0.161829
0 0.199219 0.383905 0.176563 0.124011
0 0.114844 0.451187 0.142187 0.117854
0 0.283594 0.492524 0.157812 0.123131
0 0.257812 0.236588 0.134375 0.131926
0 0.137500 0.689534 0.162500 0.079156
0 0.349219 0.320580 0.164062 0.124011
0 0.487500 0.597625 0.128125 0.102902
0 0.092969 0.178980 0.157812 0.138083
0 0.660937 0.449428 0.156250 0.179420
0 0.778125 0.216359 0.159375 0.130167
0 0.328125 0.671944 0.150000 0.138962
0 0.571875 0.268690 0.181250 0.111697
0 0.389844 0.262973 0.167187 0.110818
0 0.934375 0.299912 0.128125 0.286719
0 0.828906 0.355761 0.167187 0.150396
0 0.953125 0.525945 0.090625 0.270888
0 0.600781 0.384345 0.126562 0.126649
0 0.946094 0.589710 0.104688 0.270009
0 0.535156 0.750220 0.126562 0.126649
0 0.542188 0.331135 0.128125 0.160950
0 0.746875 0.784960 0.178125 0.116974