0 0.065625 0.260774 0.131250 0.162709
0 0.091406 0.766491 0.082812 0.069481
0 0.064062 0.604222 0.128125 0.212841
0 0.399219 0.622691 0.157812 0.058047
0 0.332813 0.506157 0.140625 0.148637
0 0.131250 0.506596 0.175000 0.107300
0 0.234375 0.233069 0.146875 0.147757
0 0.360938 0.376869 0.118750 0.088830
0 0.607812 0.456904 0.100000 0.145119
0 0.122656 0.706684 0.145313 0.074758
0 0.414844 0.226913 0.195312 0.068602
0 0.760156 0.192172 0.148438 0.106420
0 0.742188 0.425242 0.146875 0.152155
0 0.791406 0.337731 0.148438 0.165347
0 0.487500 0.283641 0.137500 0.134565
0 0.554688 0.215040 0.175000 0.080035
0 0.542969 0.559367 0.110937 0.087951
0 0.891406 0.277045 0.170313 0.153034
0 0.815625 0.488127 0.128125 0.138962
0 0.812500 0.580475 0.187500 0.156552
0 0.521094 0.725594 0.132812 0.126649
0 0.704688 0.752419 0.171875 0.143360
0 0.068750 0.373351 0.137500 0.197889