0 0.097656 0.269569 0.132812 0.176781
0 0.078906 0.392700 0.157812 0.204925
0 0.076563 0.735268 0.153125 0.128408
0 0.110937 0.574758 0.146875 0.162709
0 0.678906 0.582674 0.195312 0.055409
0 0.242969 0.669745 0.167187 0.132806
0 0.144531 0.329815 0.160938 0.119613
0 0.139063 0.487247 0.162500 0.116095
0 0.254688 0.240545 0.143750 0.143360
0 0.752344 0.427001 0.145313 0.145119
0 0.439844 0.381266 0.101562 0.145119
0 0.917969 0.300792 0.160938 0.239226
0 0.346094 0.511434 0.135937 0.146878
0 0.542969 0.575638 0.085938 0.094107
0 0.850000 0.215479 0.159375 0.126649
0 0.485938 0.237907 0.190625 0.081794
0 0.570312 0.269129 0.190625 0.116095
0 0.556250 0.336851 0.193750 0.158311
0 0.829688 0.509675 0.125000 0.116974
0 0.920312 0.592348 0.156250 0.240106
0 0.528125 0.738347 0.128125 0.134565
0 0.714844 0.753298 0.173437 0.145119
0 0.105469 0.641161 0.126562 0.130167