0 0.100781 0.255937 0.123438 0.172383
0 0.192188 0.367634 0.175000 0.154793
0 0.100000 0.574318 0.168750 0.168865
0 0.744531 0.419085 0.139063 0.132806
0 0.094531 0.649516 0.132812 0.143360
0 0.356250 0.220756 0.165625 0.140721
0 0.142187 0.487247 0.165625 0.119613
0 0.267188 0.620932 0.200000 0.091469
0 0.700000 0.613456 0.209375 0.111697
0 0.846875 0.243624 0.134375 0.100264
0 0.450000 0.214160 0.206250 0.041337
0 0.384375 0.377309 0.115625 0.084433
0 0.348438 0.501759 0.134375 0.153914
0 0.578906 0.259015 0.167187 0.102902
0 0.909375 0.285400 0.178125 0.287599
0 0.502344 0.585312 0.126562 0.097625
0 0.924219 0.517150 0.148438 0.281442
0 0.948438 0.585312 0.100000 0.264732
0 0.570312 0.342128 0.184375 0.158311
0 0.530469 0.750660 0.098437 0.124011
0 0.725000 0.748901 0.131250 0.138083