0 0.099219 0.726913 0.126562 0.145119
0 0.130469 0.278804 0.164062 0.156552
0 0.053906 0.608179 0.107813 0.199648
0 0.199219 0.381706 0.182812 0.138962
0 0.388281 0.219437 0.154688 0.118734
0 0.422656 0.631486 0.151562 0.077397
0 0.131250 0.447669 0.146875 0.114336
0 0.296094 0.553210 0.132812 0.058047
0 0.180469 0.558487 0.217188 0.100264
0 0.717187 0.452946 0.112500 0.105541
0 0.273438 0.232630 0.125000 0.124011
0 0.753125 0.789798 0.187500 0.109059
0 0.875781 0.228232 0.160938 0.116974
0 0.400781 0.379947 0.101562 0.077397
0 0.530469 0.583553 0.139063 0.116974
0 0.339062 0.690853 0.150000 0.101143
0 0.622656 0.223395 0.192188 0.079156
0 0.864844 0.340369 0.123438 0.179420
0 0.360156 0.462621 0.117188 0.188215
0 0.580469 0.340809 0.182812 0.166227
0 0.547656 0.751539 0.132812 0.132806
0 0.937500 0.527704 0.121875 0.270888
0 0.938281 0.591909 0.120313 0.274406
0 0.936719 0.299472 0.123438 0.257696
0 0.027344 0.357080 0.054688 0.233949
0 0.026562 0.419965 0.053125 0.187335