0 0.225781 0.449868 0.179688 0.180299
0 0.120313 0.240985 0.140625 0.170624
0 0.028125 0.551891 0.056250 0.201407
0 0.265625 0.234828 0.153125 0.151275
0 0.200781 0.351363 0.154688 0.136324
0 0.153125 0.567722 0.159375 0.094107
0 0.080469 0.614776 0.160938 0.181179
0 0.153125 0.311785 0.159375 0.106420
0 0.767969 0.424802 0.151562 0.153034
0 0.223438 0.740545 0.190625 0.117854
0 0.906250 0.269569 0.184375 0.317502
0 0.387500 0.374670 0.131250 0.091469
0 0.415625 0.215479 0.175000 0.100264
0 0.578906 0.244943 0.154688 0.134565
0 0.562500 0.525506 0.090625 0.067722
0 0.497656 0.582234 0.123438 0.084433
0 0.947656 0.580475 0.101562 0.242744
0 0.528906 0.741425 0.154688 0.137203
0 0.513281 0.375110 0.101562 0.152155
0 0.360156 0.501759 0.142187 0.152155
0 0.912500 0.515831 0.171875 0.262973
0 0.718750 0.742744 0.168750 0.143360
0 0.030469 0.298593 0.060937 0.226033