0 0.117969 0.307388 0.148438 0.153914
0 0.094531 0.732190 0.135937 0.138083
0 0.088281 0.409411 0.176563 0.164468
0 0.282813 0.491645 0.156250 0.119613
0 0.073438 0.554090 0.146875 0.239226
0 0.282813 0.204925 0.087500 0.070361
0 0.112500 0.615215 0.143750 0.129288
0 0.363281 0.387423 0.139063 0.094107
0 0.668750 0.435356 0.156250 0.149516
0 0.203125 0.386104 0.171875 0.116095
0 0.357031 0.661829 0.139063 0.102902
0 0.793750 0.233949 0.125000 0.089710
0 0.399219 0.258135 0.173437 0.122252
0 0.924219 0.306069 0.148438 0.270888
0 0.466406 0.349164 0.114062 0.140721
0 0.855469 0.355321 0.120313 0.149516
0 0.940625 0.526385 0.115625 0.270009
0 0.542969 0.591029 0.076563 0.094987
0 0.606250 0.361038 0.168750 0.120493
0 0.726562 0.297713 0.190625 0.101143
0 0.941406 0.592348 0.114062 0.264732
0 0.727344 0.767810 0.160938 0.144239