0 0.117188 0.531662 0.143750 0.196130
0 0.158594 0.616535 0.170313 0.145998
0 0.119531 0.247142 0.132812 0.126649
0 0.258594 0.226913 0.139063 0.138962
0 0.221875 0.355761 0.168750 0.125770
0 0.078125 0.755497 0.156250 0.165347
0 0.653906 0.532542 0.154688 0.109938
0 0.191406 0.750220 0.173437 0.102023
0 0.948438 0.276165 0.100000 0.300792
0 0.322656 0.422164 0.151562 0.138962
0 0.603906 0.379068 0.120313 0.145998
0 0.778125 0.196570 0.175000 0.132806
0 0.367969 0.199648 0.148438 0.123131
0 0.588281 0.218558 0.157812 0.104661
0 0.517969 0.276165 0.135937 0.131926
0 0.539844 0.417326 0.089063 0.101143
0 0.352344 0.467898 0.170313 0.198769
0 0.535156 0.555409 0.148438 0.099384
0 0.428906 0.713281 0.189062 0.100264
0 0.953125 0.564644 0.090625 0.256816
0 0.642188 0.710642 0.153125 0.145998