0 0.141406 0.249340 0.151562 0.167986
0 0.032031 0.292436 0.064062 0.240106
0 0.165625 0.587951 0.168750 0.097625
0 0.075000 0.626209 0.150000 0.179420
0 0.214844 0.345207 0.173437 0.127529
0 0.147656 0.408971 0.098437 0.163588
0 0.332813 0.423043 0.159375 0.133685
0 0.079687 0.766491 0.159375 0.157432
0 0.267188 0.728672 0.193750 0.118734
0 0.453125 0.372911 0.131250 0.161829
0 0.315625 0.208004 0.175000 0.118734
0 0.710156 0.415128 0.082812 0.100264
0 0.385937 0.621812 0.115625 0.154793
0 0.463281 0.535180 0.145313 0.136324
0 0.152344 0.671064 0.198437 0.147757
0 0.811719 0.194371 0.160938 0.130167
0 0.453906 0.209323 0.201563 0.056288
0 0.530469 0.276605 0.129688 0.131047
0 0.603125 0.540457 0.075000 0.081794
0 0.314063 0.735268 0.178125 0.110818
0 0.862500 0.329815 0.121875 0.156552
0 0.614062 0.375550 0.112500 0.124890
0 0.541406 0.423923 0.079687 0.116095
0 0.341406 0.485048 0.170313 0.206684
0 0.937500 0.495163 0.121875 0.300792
0 0.714844 0.752419 0.117188 0.111697
0 0.952344 0.566843 0.092188 0.268250
0 0.507031 0.712841 0.148438 0.127529
0 0.637500 0.699208 0.175000 0.168865
0 0.938281 0.276605 0.120313 0.301671