0 0.067187 0.259894 0.134375 0.162709
0 0.230469 0.236148 0.154688 0.157432
0 0.100000 0.752419 0.178125 0.131047
0 0.635938 0.454705 0.162500 0.133685
0 0.325781 0.438874 0.145313 0.172383
0 0.088281 0.651715 0.132812 0.121372
0 0.205469 0.647318 0.179688 0.102023
0 0.290625 0.503078 0.131250 0.082674
0 0.128125 0.505277 0.165625 0.109938
0 0.068750 0.373791 0.137500 0.186456
0 0.739844 0.423483 0.151562 0.153914
0 0.918750 0.591909 0.159375 0.221636
0 0.766406 0.214160 0.164062 0.113456
0 0.475000 0.238786 0.200000 0.106420
0 0.435937 0.373351 0.118750 0.153914
0 0.342969 0.226033 0.154688 0.138962
0 0.855469 0.270449 0.117188 0.143360
0 0.855469 0.502639 0.117188 0.139842
0 0.528906 0.574758 0.098437 0.090589
0 0.721875 0.768250 0.168750 0.108179