0 0.139844 0.340369 0.139063 0.151275
0 0.081250 0.637203 0.162500 0.197889
0 0.268750 0.224714 0.156250 0.139842
0 0.065625 0.572559 0.131250 0.219877
0 0.764062 0.421284 0.143750 0.153034
0 0.350000 0.492524 0.181250 0.168865
0 0.387500 0.372471 0.128125 0.094107
0 0.134375 0.733509 0.184375 0.140721
0 0.849219 0.218997 0.120313 0.123131
0 0.788281 0.527704 0.182812 0.109059
0 0.415625 0.613896 0.140625 0.117854
0 0.453125 0.217238 0.206250 0.058047
0 0.579688 0.252419 0.168750 0.149516
0 0.907813 0.267370 0.181250 0.344767
0 0.842187 0.334653 0.106250 0.157432
0 0.924219 0.581794 0.148438 0.238347
0 0.596094 0.371152 0.132812 0.130167
0 0.507031 0.722515 0.148438 0.122252
0 0.717969 0.742744 0.170313 0.138083
0 0.553906 0.567722 0.107813 0.087071