0 0.133594 0.268250 0.154688 0.107300
0 0.205469 0.374230 0.157812 0.125770
0 0.078125 0.590589 0.156250 0.197889
0 0.025781 0.666667 0.051562 0.191733
0 0.150000 0.474055 0.165625 0.135444
0 0.442188 0.586631 0.146875 0.107300
0 0.382812 0.219877 0.153125 0.112577
0 0.153906 0.339050 0.164062 0.122252
0 0.365625 0.429200 0.125000 0.137203
0 0.292969 0.570800 0.164062 0.093228
0 0.709375 0.602023 0.196875 0.115215
0 0.781250 0.431398 0.137500 0.148637
0 0.799219 0.211082 0.176563 0.130167
0 0.142969 0.688215 0.135937 0.080035
0 0.351562 0.687335 0.131250 0.104661
0 0.404687 0.248021 0.159375 0.096746
0 0.861719 0.347405 0.114062 0.161829
0 0.560937 0.579595 0.093750 0.112577
0 0.732812 0.777045 0.121875 0.097625
0 0.607031 0.252419 0.176563 0.084433
0 0.589063 0.355321 0.178125 0.175901
0 0.027344 0.311785 0.054688 0.233069
0 0.939063 0.529903 0.118750 0.264732
0 0.934375 0.592348 0.128125 0.264732
0 0.931250 0.298593 0.134375 0.227792