0 0.138281 0.718118 0.160938 0.129288
0 0.115625 0.309147 0.143750 0.145119
0 0.092969 0.568602 0.185938 0.180299
0 0.287500 0.535620 0.153125 0.110818
0 0.132031 0.463061 0.164062 0.136324
0 0.257812 0.242304 0.140625 0.138083
0 0.202344 0.384785 0.179688 0.134565
0 0.093750 0.181618 0.159375 0.141601
0 0.671875 0.456464 0.156250 0.114336
0 0.547656 0.583993 0.089063 0.112577
0 0.343750 0.610818 0.171875 0.044855
0 0.791406 0.231750 0.135937 0.095866
0 0.360938 0.315743 0.190625 0.121372
0 0.405469 0.250220 0.167187 0.090589
0 0.931250 0.306069 0.134375 0.270888
0 0.829688 0.358839 0.168750 0.153034
0 0.679688 0.390501 0.137500 0.138962
0 0.358594 0.463940 0.114062 0.197889
0 0.938281 0.525506 0.120313 0.271768
0 0.574219 0.344327 0.179688 0.162709
0 0.744531 0.784521 0.173437 0.121372
0 0.951562 0.587951 0.093750 0.273527
0 0.025000 0.423483 0.050000 0.229551