0 0.316406 0.410290 0.167187 0.145119
0 0.131250 0.287159 0.162500 0.106420
0 0.025000 0.591469 0.050000 0.196130
0 0.202344 0.326737 0.182812 0.138083
0 0.152344 0.444591 0.104688 0.139842
0 0.189062 0.728232 0.181250 0.138962
0 0.370312 0.362797 0.146875 0.101143
0 0.208594 0.513632 0.157812 0.149516
0 0.792969 0.514512 0.198437 0.107300
0 0.247656 0.211082 0.135937 0.138962
0 0.156250 0.659191 0.196875 0.125770
0 0.340625 0.647757 0.137500 0.145119
0 0.795312 0.210202 0.168750 0.087951
0 0.364844 0.209763 0.157812 0.138083
0 0.492969 0.226913 0.176563 0.119613
0 0.565625 0.313984 0.175000 0.163588
0 0.496094 0.557608 0.154688 0.091469
0 0.317188 0.499560 0.162500 0.167106
0 0.909375 0.261214 0.178125 0.332454
0 0.948438 0.573439 0.100000 0.255057
0 0.592969 0.686456 0.139063 0.116974
0 0.300781 0.733509 0.167187 0.131926
0 0.932813 0.499560 0.131250 0.262093
0 0.707031 0.734389 0.176563 0.130167