0 0.132812 0.245822 0.159375 0.132806
0 0.245312 0.456904 0.143750 0.155673
0 0.200781 0.379507 0.179688 0.166227
0 0.129688 0.565084 0.165625 0.141601
0 0.264844 0.239226 0.151562 0.144239
0 0.146094 0.684697 0.189062 0.101143
0 0.149219 0.627968 0.185938 0.112577
0 0.449219 0.397098 0.117188 0.175022
0 0.764062 0.434916 0.143750 0.155673
0 0.135937 0.478012 0.140625 0.108179
0 0.276562 0.652155 0.165625 0.116974
0 0.693750 0.608179 0.187500 0.094107
0 0.775000 0.215040 0.175000 0.125770
0 0.608594 0.240545 0.185938 0.109938
0 0.855469 0.259894 0.142187 0.125770
0 0.924219 0.323219 0.148438 0.333333
0 0.506250 0.587951 0.131250 0.095866
0 0.932813 0.525945 0.131250 0.270888
0 0.516406 0.751539 0.123438 0.120493
0 0.576562 0.350484 0.178125 0.169745
0 0.717187 0.768250 0.168750 0.124011
0 0.027344 0.310906 0.054688 0.229551