0 0.137500 0.299912 0.159375 0.145998
0 0.189062 0.565963 0.237500 0.090589
0 0.220312 0.390501 0.168750 0.123131
0 0.133594 0.559807 0.167187 0.160950
0 0.051562 0.682938 0.103125 0.180299
0 0.152344 0.468338 0.160938 0.141601
0 0.256250 0.258575 0.168750 0.167106
0 0.432031 0.637643 0.157812 0.065084
0 0.527344 0.602023 0.132812 0.099384
0 0.396875 0.394019 0.096875 0.098505
0 0.686719 0.460422 0.148438 0.155673
0 0.423438 0.222515 0.203125 0.114336
0 0.861719 0.361038 0.114062 0.146878
0 0.730469 0.788918 0.126562 0.112577
0 0.878125 0.215040 0.153125 0.081794
0 0.550781 0.337291 0.126562 0.160950
0 0.373437 0.539138 0.134375 0.123131
0 0.035937 0.330695 0.071875 0.221636
0 0.947656 0.526825 0.101562 0.272647
0 0.953125 0.297274 0.090625 0.263852
0 0.947656 0.599384 0.101562 0.278804