0 0.141406 0.234828 0.135937 0.154793
0 0.038281 0.291996 0.076563 0.209323
0 0.193750 0.557608 0.187500 0.098505
0 0.169531 0.726033 0.182812 0.108179
0 0.220312 0.352243 0.171875 0.139842
0 0.689063 0.561566 0.209375 0.076517
0 0.289062 0.228672 0.156250 0.140721
0 0.717187 0.432718 0.100000 0.098505
0 0.359375 0.500000 0.187500 0.180299
0 0.420312 0.528584 0.181250 0.128408
0 0.523438 0.706245 0.115625 0.094987
0 0.321875 0.729991 0.209375 0.109059
0 0.398438 0.377309 0.140625 0.096746
0 0.810156 0.534301 0.179688 0.115215
0 0.162500 0.668426 0.165625 0.079156
0 0.790625 0.209763 0.212500 0.129288
0 0.445312 0.216359 0.162500 0.068602
0 0.536719 0.289798 0.154688 0.148637
0 0.937500 0.319261 0.121875 0.309587
0 0.567187 0.574758 0.115625 0.074758
0 0.616406 0.366755 0.120313 0.107300
0 0.551562 0.436236 0.081250 0.124890
0 0.951562 0.510994 0.093750 0.302551
0 0.728125 0.744063 0.131250 0.117854
0 0.954688 0.572559 0.087500 0.272647