0 0.141406 0.260774 0.151562 0.176781
0 0.092188 0.341249 0.143750 0.158311
0 0.067969 0.625770 0.126562 0.157432
0 0.214844 0.345646 0.160938 0.124890
0 0.317188 0.220756 0.203125 0.133685
0 0.142969 0.413808 0.095312 0.155673
0 0.077344 0.748021 0.154688 0.180299
0 0.186719 0.740545 0.173437 0.128408
0 0.391406 0.363237 0.142187 0.114336
0 0.628125 0.543536 0.206250 0.086192
0 0.693750 0.426561 0.118750 0.091469
0 0.338281 0.499120 0.160938 0.182058
0 0.147656 0.677221 0.167187 0.142480
0 0.534375 0.722076 0.128125 0.121372
0 0.797656 0.205365 0.160938 0.127529
0 0.437500 0.197010 0.156250 0.102023
0 0.535937 0.281882 0.134375 0.129288
0 0.832031 0.335532 0.173437 0.160950
0 0.607812 0.374670 0.125000 0.123131
0 0.504687 0.561566 0.143750 0.106420
0 0.543750 0.426121 0.081250 0.113456
0 0.716406 0.748021 0.120313 0.102902
0 0.924219 0.507036 0.148438 0.296394
0 0.955469 0.571240 0.085938 0.266491
0 0.941406 0.282762 0.114062 0.312225