0 0.096094 0.583993 0.192188 0.211082
0 0.135156 0.270888 0.154688 0.174142
0 0.212500 0.372032 0.168750 0.133685
0 0.028125 0.667106 0.056250 0.192612
0 0.279687 0.228672 0.137500 0.130167
0 0.144531 0.469657 0.148438 0.119613
0 0.161719 0.340809 0.167187 0.127529
0 0.297656 0.586192 0.157812 0.074758
0 0.510156 0.592788 0.117188 0.100264
0 0.721875 0.452067 0.106250 0.093228
0 0.372656 0.436675 0.135937 0.152155
0 0.591406 0.355321 0.179688 0.177661
0 0.357031 0.671064 0.139063 0.135444
0 0.288281 0.489006 0.142187 0.116095
0 0.710156 0.607300 0.195312 0.109938
0 0.142187 0.683377 0.137500 0.089710
0 0.794531 0.213720 0.167187 0.128408
0 0.390625 0.215919 0.153125 0.102902
0 0.864062 0.352243 0.109375 0.153914
0 0.568750 0.536500 0.084375 0.072120
0 0.761719 0.799472 0.164062 0.070361
0 0.599219 0.269569 0.182812 0.116974
0 0.029687 0.308267 0.059375 0.238347
0 0.029687 0.436675 0.059375 0.233069
0 0.939844 0.530783 0.117188 0.262973
0 0.937500 0.593668 0.121875 0.262093
0 0.924219 0.297274 0.148438 0.202287