0 0.104688 0.251539 0.118750 0.147757
0 0.117188 0.488127 0.143750 0.161829
0 0.075000 0.708004 0.150000 0.170624
0 0.079687 0.383905 0.159375 0.203166
0 0.213281 0.649077 0.182812 0.056288
0 0.259375 0.232630 0.146875 0.146878
0 0.345313 0.426121 0.137500 0.148637
0 0.150000 0.322339 0.165625 0.118734
0 0.262500 0.498681 0.131250 0.077397
0 0.761719 0.419965 0.148438 0.141601
0 0.271094 0.741425 0.167187 0.147757
0 0.782813 0.226033 0.156250 0.091469
0 0.564844 0.247581 0.167187 0.141601
0 0.814063 0.343008 0.153125 0.151275
0 0.367188 0.211961 0.146875 0.126649
0 0.903125 0.269569 0.190625 0.317502
0 0.386719 0.525066 0.189062 0.147757
0 0.542188 0.572120 0.103125 0.097625
0 0.816406 0.572120 0.195312 0.164468
0 0.906250 0.516711 0.184375 0.227792
0 0.940625 0.577397 0.115625 0.261214
0 0.555469 0.349604 0.145313 0.138083
0 0.516406 0.747581 0.126562 0.133685
0 0.721094 0.744503 0.179688 0.146878
0 0.021875 0.624011 0.043750 0.231310