0 0.152344 0.598065 0.167187 0.119613
0 0.126562 0.259894 0.137500 0.118734
0 0.050781 0.633685 0.101562 0.206684
0 0.208594 0.368074 0.170313 0.157432
0 0.529687 0.712841 0.100000 0.092348
0 0.264844 0.228672 0.154688 0.145998
0 0.393750 0.369393 0.118750 0.086192
0 0.135156 0.708883 0.173437 0.117854
0 0.770312 0.420405 0.146875 0.154793
0 0.121094 0.766931 0.195312 0.165347
0 0.867188 0.197010 0.081250 0.086192
0 0.571875 0.263412 0.181250 0.127529
0 0.946875 0.282322 0.103125 0.313105
0 0.595313 0.372471 0.134375 0.148637
0 0.335156 0.429200 0.170313 0.167106
0 0.506250 0.572559 0.121875 0.093228
0 0.449219 0.215919 0.201563 0.055409
0 0.850781 0.325858 0.120313 0.175022
0 0.727344 0.745383 0.157812 0.131047
0 0.951562 0.565084 0.093750 0.254178