0 0.027344 0.600704 0.054688 0.244503
0 0.081250 0.728232 0.162500 0.140721
0 0.134375 0.298593 0.153125 0.116974
0 0.142187 0.459543 0.159375 0.139842
0 0.170313 0.551011 0.209375 0.111697
0 0.269531 0.240545 0.129688 0.138083
0 0.367969 0.368074 0.145313 0.132806
0 0.212500 0.388742 0.171875 0.124890
0 0.663281 0.455145 0.139063 0.173263
0 0.362500 0.526825 0.131250 0.130167
0 0.403125 0.247581 0.190625 0.159191
0 0.498437 0.594107 0.131250 0.108179
0 0.333594 0.691733 0.160938 0.101143
0 0.797656 0.214160 0.176563 0.129288
0 0.864844 0.339050 0.123438 0.182058
0 0.752344 0.791117 0.179688 0.104661
0 0.555469 0.327177 0.145313 0.168865
0 0.927344 0.523307 0.142187 0.277924
0 0.028125 0.329815 0.056250 0.251539
0 0.931250 0.297713 0.134375 0.252419
0 0.931250 0.593228 0.134375 0.266491