0 0.071094 0.262973 0.142187 0.188215
0 0.067187 0.376429 0.134375 0.198769
0 0.093750 0.655233 0.140625 0.114336
0 0.211719 0.463061 0.201563 0.148637
0 0.221875 0.615655 0.228125 0.112577
0 0.101562 0.748901 0.178125 0.139842
0 0.132812 0.506596 0.171875 0.109059
0 0.336719 0.218997 0.160938 0.135444
0 0.358594 0.380387 0.126562 0.094107
0 0.636719 0.453826 0.157812 0.140721
0 0.742188 0.423923 0.146875 0.151275
0 0.760156 0.191293 0.139063 0.106420
0 0.856250 0.273967 0.125000 0.138083
0 0.543750 0.331574 0.187500 0.158311
0 0.420312 0.220317 0.206250 0.055409
0 0.535937 0.550132 0.096875 0.097625
0 0.808594 0.572999 0.192188 0.146878
0 0.339062 0.511434 0.146875 0.152155
0 0.854688 0.500000 0.121875 0.145119
0 0.936719 0.620493 0.123438 0.255937
0 0.525781 0.724274 0.129688 0.124011
0 0.573438 0.373791 0.131250 0.123131
0 0.710938 0.751099 0.178125 0.140721
0 0.014844 0.611697 0.029687 0.204925