0 0.039844 0.321460 0.079687 0.211961
0 0.317969 0.411170 0.176563 0.148637
0 0.022656 0.583113 0.045312 0.214600
0 0.165625 0.458663 0.159375 0.169745
0 0.436719 0.378628 0.117188 0.176781
0 0.146875 0.620493 0.203125 0.051891
0 0.199219 0.723835 0.176563 0.140721
0 0.241406 0.205805 0.142187 0.151275
0 0.135156 0.308707 0.176563 0.119613
0 0.198437 0.521988 0.181250 0.139842
0 0.669531 0.420405 0.142187 0.073879
0 0.258594 0.705805 0.170313 0.136324
0 0.790625 0.196570 0.159375 0.120493
0 0.577344 0.239666 0.170313 0.102902
0 0.927344 0.268690 0.142187 0.317502
0 0.360156 0.193931 0.139063 0.116974
0 0.483594 0.203606 0.189062 0.067722
0 0.835156 0.328056 0.107813 0.153034
0 0.495312 0.560686 0.150000 0.094107
0 0.350781 0.652155 0.154688 0.152155
0 0.906250 0.497801 0.184375 0.242744
0 0.933594 0.569921 0.129688 0.246262
0 0.585156 0.351363 0.135937 0.106420
0 0.535156 0.413808 0.101562 0.109938
0 0.605469 0.706684 0.170313 0.139842