0 0.097656 0.255937 0.132812 0.165347
0 0.067187 0.382146 0.134375 0.206684
0 0.087500 0.585752 0.175000 0.181179
0 0.252344 0.237467 0.139063 0.133685
0 0.138281 0.329376 0.160938 0.116974
0 0.106250 0.696570 0.171875 0.103782
0 0.064062 0.450308 0.128125 0.198769
0 0.372656 0.380387 0.120313 0.083553
0 0.746875 0.431398 0.140625 0.150396
0 0.381250 0.646438 0.150000 0.056288
0 0.213281 0.657432 0.148438 0.124011
0 0.251563 0.521108 0.140625 0.155673
0 0.312500 0.713281 0.175000 0.123131
0 0.782813 0.209323 0.143750 0.117854
0 0.908594 0.277485 0.179688 0.185576
0 0.553906 0.337731 0.189062 0.156552
0 0.449219 0.226913 0.204687 0.054529
0 0.812500 0.584872 0.190625 0.163588
0 0.496094 0.586631 0.129688 0.098505
0 0.906250 0.517150 0.184375 0.184697
0 0.926562 0.620932 0.143750 0.270888
0 0.575781 0.370273 0.145313 0.128408
0 0.721875 0.760334 0.187500 0.139842