0 0.133594 0.244943 0.160938 0.122252
0 0.103906 0.563764 0.107813 0.147757
0 0.076563 0.711082 0.153125 0.145119
0 0.400781 0.712841 0.173437 0.155673
0 0.204687 0.366755 0.171875 0.140721
0 0.159375 0.337291 0.168750 0.132806
0 0.143750 0.471856 0.153125 0.118734
0 0.373437 0.219437 0.150000 0.134565
0 0.281250 0.554969 0.137500 0.084433
0 0.700000 0.594107 0.203125 0.072999
0 0.507031 0.225594 0.189062 0.065963
0 0.932813 0.291996 0.131250 0.270888
0 0.482031 0.383026 0.139063 0.153914
0 0.706250 0.432278 0.100000 0.099384
0 0.313281 0.664908 0.176563 0.133685
0 0.798438 0.211082 0.175000 0.124890
0 0.857031 0.351363 0.110937 0.146878
0 0.749219 0.762973 0.157812 0.139842
0 0.589844 0.553650 0.145313 0.060686
0 0.597656 0.366755 0.148438 0.137203
0 0.368750 0.517590 0.143750 0.134565
0 0.938281 0.517590 0.120313 0.285840
0 0.539844 0.746262 0.114062 0.131047
0 0.950781 0.588830 0.095312 0.301671
0 0.026562 0.306508 0.053125 0.234828
0 0.029687 0.444151 0.059375 0.212841