0 0.142187 0.255497 0.153125 0.173263
0 0.034375 0.288478 0.068750 0.246262
0 0.213281 0.344327 0.164062 0.124011
0 0.155469 0.595427 0.185938 0.093228
0 0.143750 0.413369 0.090625 0.158311
0 0.181250 0.739226 0.187500 0.125770
0 0.665625 0.556288 0.165625 0.078276
0 0.314844 0.219877 0.207813 0.135444
0 0.748437 0.413808 0.134375 0.138083
0 0.389844 0.363237 0.145313 0.116095
0 0.318750 0.432278 0.137500 0.122252
0 0.924219 0.506157 0.148438 0.294635
0 0.503906 0.241865 0.160938 0.112577
0 0.142187 0.664908 0.196875 0.128408
0 0.791406 0.201847 0.160938 0.131047
0 0.857031 0.334213 0.120313 0.158311
0 0.503125 0.572559 0.140625 0.100264
0 0.576562 0.675462 0.181250 0.133685
0 0.611719 0.375110 0.117188 0.122252
0 0.326562 0.499560 0.146875 0.182938
0 0.296875 0.737907 0.150000 0.100264
0 0.717187 0.744943 0.115625 0.109059
0 0.072656 0.750660 0.145313 0.189094
0 0.954688 0.282762 0.087500 0.312225