0 0.140625 0.236588 0.153125 0.128408
0 0.028906 0.633245 0.057813 0.205805
0 0.216406 0.351803 0.164062 0.126649
0 0.689063 0.429200 0.121875 0.105541
0 0.113281 0.555409 0.110937 0.131047
0 0.281250 0.222955 0.146875 0.134565
0 0.676562 0.558047 0.196875 0.074758
0 0.442188 0.580475 0.171875 0.174142
0 0.107031 0.700088 0.129688 0.138962
0 0.207813 0.743184 0.165625 0.126649
0 0.485938 0.377309 0.146875 0.151275
0 0.345313 0.489006 0.168750 0.182938
0 0.553125 0.571240 0.137500 0.083553
0 0.803906 0.537819 0.164062 0.104661
0 0.428906 0.222955 0.164062 0.081794
0 0.871094 0.221636 0.154688 0.123131
0 0.593750 0.229112 0.156250 0.102902
0 0.953906 0.290677 0.089063 0.273527
0 0.838281 0.334653 0.151562 0.159191
0 0.517188 0.722955 0.131250 0.119613
0 0.603125 0.378628 0.131250 0.131047
0 0.953906 0.569481 0.089063 0.254178
0 0.737500 0.756376 0.156250 0.121372
0 0.031250 0.288918 0.062500 0.247142