0 0.116406 0.384785 0.129688 0.180299
0 0.121875 0.241425 0.140625 0.169745
0 0.130469 0.555849 0.160938 0.179420
0 0.160156 0.322779 0.157812 0.117854
0 0.025781 0.648197 0.051562 0.193492
0 0.259375 0.242304 0.159375 0.157432
0 0.250000 0.743624 0.175000 0.116974
0 0.155469 0.677221 0.157812 0.094987
0 0.748437 0.419085 0.175000 0.134565
0 0.385937 0.389182 0.128125 0.108179
0 0.937500 0.291557 0.121875 0.299912
0 0.267969 0.476693 0.120313 0.128408
0 0.460156 0.223835 0.185938 0.057168
0 0.572656 0.273527 0.182812 0.130167
0 0.407813 0.523307 0.187500 0.177661
0 0.546094 0.576077 0.089063 0.089710
0 0.528125 0.726473 0.128125 0.114336
0 0.793750 0.206684 0.171875 0.123131
0 0.507812 0.386544 0.112500 0.164468
0 0.910937 0.522867 0.175000 0.277045
0 0.721875 0.741425 0.175000 0.153034
0 0.035937 0.292436 0.071875 0.240106