0 0.068750 0.253298 0.137500 0.175901
0 0.033594 0.603782 0.067187 0.213720
0 0.114062 0.501319 0.153125 0.102023
0 0.234375 0.237907 0.146875 0.146878
0 0.122656 0.333773 0.160938 0.124011
0 0.189844 0.663149 0.148438 0.121372
0 0.740625 0.431398 0.150000 0.157432
0 0.151562 0.613017 0.203125 0.043975
0 0.320312 0.632366 0.171875 0.075638
0 0.771875 0.549692 0.165625 0.123131
0 0.240625 0.487687 0.143750 0.113456
0 0.533594 0.576957 0.095312 0.098505
0 0.435937 0.378628 0.115625 0.148637
0 0.834375 0.264732 0.146875 0.131926
0 0.466406 0.244943 0.176563 0.101143
0 0.360156 0.751539 0.135937 0.145119
0 0.763281 0.205365 0.164062 0.124011
0 0.326562 0.446790 0.131250 0.172383
0 0.534375 0.396218 0.150000 0.173263
0 0.859375 0.505717 0.121875 0.158311
0 0.515625 0.749780 0.131250 0.146878
0 0.728906 0.757256 0.173437 0.140721