0 0.026562 0.278804 0.053125 0.212841
0 0.103125 0.614336 0.171875 0.176781
0 0.064062 0.530783 0.128125 0.234828
0 0.196094 0.346966 0.173437 0.125770
0 0.283594 0.227353 0.189062 0.141601
0 0.124219 0.735708 0.176563 0.127529
0 0.320312 0.419525 0.156250 0.144239
0 0.670312 0.423483 0.128125 0.078276
0 0.860938 0.211961 0.103125 0.124890
0 0.790625 0.525945 0.165625 0.098505
0 0.355469 0.204925 0.142187 0.124890
0 0.580469 0.229991 0.170313 0.129288
0 0.525781 0.424802 0.076563 0.116095
0 0.380469 0.458223 0.170313 0.188215
0 0.493750 0.551011 0.150000 0.115215
0 0.927344 0.276605 0.142187 0.301671
0 0.592969 0.368074 0.126562 0.132806
0 0.588281 0.693052 0.154688 0.172383
0 0.924219 0.503518 0.148438 0.285840
0 0.946875 0.569041 0.103125 0.265611
0 0.313281 0.741425 0.179688 0.114336