0 0.120313 0.562885 0.125000 0.135444
0 0.141406 0.255057 0.151562 0.172383
0 0.035156 0.285400 0.070312 0.224274
0 0.060156 0.633685 0.120313 0.189094
0 0.216406 0.352682 0.167187 0.131926
0 0.096094 0.768250 0.192188 0.160950
0 0.681250 0.562885 0.190625 0.070361
0 0.284375 0.224274 0.150000 0.135444
0 0.707031 0.427001 0.082812 0.088830
0 0.515625 0.706684 0.125000 0.099384
0 0.300781 0.739226 0.170313 0.109938
0 0.462500 0.377309 0.115625 0.156552
0 0.322656 0.441513 0.139063 0.145998
0 0.789844 0.210202 0.201563 0.121372
0 0.440625 0.202726 0.153125 0.113456
0 0.510156 0.574758 0.139063 0.092348
0 0.525000 0.281882 0.137500 0.131047
0 0.599219 0.228672 0.164062 0.102023
0 0.934375 0.306948 0.128125 0.334213
0 0.603906 0.358839 0.132812 0.123131
0 0.924219 0.507476 0.148438 0.295515
0 0.615625 0.669745 0.178125 0.129288
0 0.717969 0.739666 0.126562 0.117854
0 0.955469 0.571240 0.085938 0.264732